001881
001990
000645
005718
000264
004311
003164
005660
000573
004460
002304
003120
007193
000170
004151
006403
000544
000665
000060
004402
004177
004195
000000
006138
004214
003175
004324
001128
000647
001363
003838
002210
004178
006919
006339
001952
000514
007010
007313
007200
004162
002950
003062
003991
000154
006941
000700
005746
002449
006576
002504
003644
001223
002571
001850
005381
006861
004992
001023
002902
003137
002884
006144
001542
003885
005729
004372
006454
000719
004998
004833
007385
002671
003767
005269
006901
003214
003683
003397
000257
003724
001317
004236
006181
001911
007295
001246
005092
003024
006425
002067
000196
003146
000287
004036
002876
002151
006087
004518
005852
006914
006373
005389
005775
006897
006040
001905
001890
006828
001886
005317
006818
005624
001862
000661
000550
006469
007218
005409
001902
004247
001191
000924
007282
002126
003119
001817
006375
004633
005691
000476
001892
000811
005586
003092
005446
002093
002421
007306
005147
006012
007390
000088
007316
007286
003365
001075
002070
007450
003481
004608
007095
002885
005568
006467
006066
004778
004683
007017
002038
006160
005576
003121
005305
002683
003874
005509
006459
001967
001569
000892
006308
004904
003706
006245
004411
006748
005271
002394
001051
000041
003418
005126
000071
001037
006965
004500
000389
001657
006728
005364
001723
002312
002305
001145
004381
002586
006520
001618
001309
004742
005239
006822
005997
005492
007015
003625
004763
005186
003787
001943
005694
000977
001011
002451
005784
007075
001269
004920
003559
001779
002138
003718
003775
005253
000175
005596
004190
000919
005732
001948
000488
006711
000723
002618
002581
006306
002338
003027
006094
000098
002458
000513
001124
004369
006408
005979
001648
005470
003343
002102
003361
003912
006168
001501
004956
004387
003114
004338
001423
003333
002931
003259
004935
003794
002371
003755
002139
001360
002231
004069
003128
004623
007199
001826
006093
000323
005548
007031
004931
004374
003722
005101
005914
002616
006153
004364
006928
003557
003462
005119
003588
005062
001159
001353
005454
001837
002313
001782
007046
002553
001931
001451
003944
000812
003667
004710
005229
004807
005650
004131
002111
003812
004306
000585
001339
005903
005120
004609
001437
007032
000464
003650
002546
000026
000841
004746
007424
005745
007121
006417
000821
002811
006250
002883
003894
002015
000315
003611
000575
003223
000125
006502
005750
002010
006644
001404
000336
006951
006020
004221
001070
007444
004891
005256
001113
003472
002470
004916
000973
006505
002511
002718
007006
002334
006131
007429
007329
000245
002175
005567
001400
001231
004999
006714
003841
005741
007338
006458
000972
003082
005199
004146
003904
004139
001667
004446
002799
001197
007161
001549
001539
005836
002427
000306
003417
004599
001407
000991
003554
004675
001292
005543
003846
004966
003725
006689
004088
007293
005150
002413
002846
004894
001387
003542
004173
006896
000571
007211
004063
005511
001444
002045
002188
005888
002406
006340
004648
003584
000643
005782
006449
006022
005644
007302
000676
001525
000941
000796
005274
006775
005487
002373
007425
002496
005687
004278
004830
005779
006394
007227
007417
004347
001637
000436
007317
006592
001167
000405
001430
001915
004566
000242
003068
006561
001756
004765
001598
002898
006082
003236
002223
007283
003323
005346
007472
004989
006496
003575
001547
005250
001154
006911
001332
000945
005549
003375
000751
007290
002116
007138
003432
001256
005012
004505
005001
003272
004733
006942
004261
002386
006916
004596
006840
005055
001388
006393
001267
002534
004193
000364
007082
003398
002127
006405
007188
003754
006117
003837
000187
004732
001291
007106
002372
002440
004310
003708
005820
006793
006889
004046
007480
000896
003074
004533
004458
000675
004637
004682
005497
000020
002024
007139
001279
002483
005263
005268
001472
000710
000686
001367
004549
006019
005983
006059
003040
002269
006091
002660
006616
002746
006981
004186
006908
005371
004401
005883
001674
005374
005494
003168
001575
006742
000011
002311
004452
001564
003362
000682
000644
005867
005767
007341
002735
005076
006484
000649
006539
005719
003756
003331
006329
005174
005990
000477
003385
005333
000741
003134
007409
002261
001361
001704
007067
003540
003962
005680
002629
004863
000726
003030
006523
005937
003680
001650
003795
002445
001261
006807
005747
004435
000831
004304
004870
004287
002259
007380
003733
003149
001251
002519
004023
006432
002069
002165
007136
006121
001747
003033
006089
004662
004542
003782
007397
006140
002800
005160
000974
007259
001040
004507
003073
001498
001069
004537
002189
000622
005936
006709
001845
001232
006033
003590
005244
000050
007357
005881
001410
002901
004728
007051
006390
000176
006385
004743
001354
006705
001172
004244
000619
007164
001027
002806
001537
006465
001409
007154
003548
004823
001645
001318
000443
005448
002272
004336
005995
000876
002624
007096
000458
003502
003358
006579
000520
003376
003727
004878
001061
002525
007448
005612
004113
005621
001707
000074
006648
003627
003522
001646
007248
001375
007378
001445
004436
004133
006202
006737
004419
005219
006811
005326
001649
001869
007238
001960
003107
000950
000283
003388
004923
000305
001157
003243
002080
004929
006054
001874
007346
002711
004861
000118
004228
005640
005213
000227
001679
002704
006740
006286
004264
002784
005776
000935
004373
005992
003075
004944
003153
004893
006113
005546
007050
005602
000543
006115
004313
000362
005690
003370
007073
005240
005893
001775
003131
006707
006055
003609
006224
007379
004564
005148
001601
002179
004642
003302
005708
001715
003178
002160
006761
006624
003244
001026
001695
003604
006812
002005
003499
005437
003413
004521
005945
004886
001629
006468
000078
003087
002850
000535
003808
001741
000725
006321
001639
003834
003900
003515
002258
005920
001597
006521
005964
003709
001173
000598
007208
003905
005419
002058
001449
001422
000233
000137
004427
005438
002335
001418
000010
001303
006048
001337
003183
000387
006024
002190
000302
007217
005015
003694
001059
004212
006148
003327
002552
004218
002595
004027
002423
006720
005234
006067
007203
007376
000867
003035
000639
000587
003048
007274
002959
001835
004788
001499
002411
003132
001196
005733
000172
007184
004810
004553
003646
006938
003409
004378
006198
005525
005398
006679
001724
006999
005689
005007
003350
000915
001992
005192
001379
001395
002858
002888
004147
000428
003510
001315
004454
006800
003638
004563
002734
006389
000567
006810
000132
003020
004163
001214
007478
002285
003555
006558
004115
006833
002486
000053
004048
007257
002026
007027
002813
006013
007146
003158
005885
003152
007130
000904
002974
004676
003351
007360
002467
006575
007256
004552
006529
003260
000494
006628
006674
000695
004370
005988
003386
005515
004756
001532
007183
002050
001844
003402
001621
006303
007352
000794
006893
007245
001916
004760
006655
001373
001872
006486
006979
003659
004286
000377
002941
003038
000853
002395
005616
003847
001036
006985
006915
006123
000293
003984
007029
007387
001541
001989
003688
002600
005086
006088
005334
006244
004653
000117
006073
005744
007428
002855
000203
003804
003258
007112
001609
002567
005892
002162
000089
007427
005695
002892
006104
001788
000156
001186
000285
001698
002075
003255
001495
005955
002730
000740
005264
001105
001822
006472
001480
005169
001696
006475
001169
006367
003817
004883
005129
000844
006134
005096
003018
003391
005100
007012
006595
006584
005916
000674
003172
001901
000837
000082
004439
006128
001529
006333
006473
003249
000539
002536
000851
003974
002368
000846
004081
006288
004574
002705
004283
003288
005512
000605
006342
007325
003820
000058
002505
004510
001376
001381
000631
001033
000749
006345
002224
004233
005517
001382
007459
000012
006569
001052
003861
000075
004667
002227
002840
006972
003886
002677
005406
003619
005742
001893
005565
007268
004316
004744
000414
004320
000787
005403
006253
003202
005748
005971
005077
007135
004200
005647
006248
000339
005396
004960
004209
007449
007092
005728
001467
007157
001769
001189
003145
001953
000268
003336
006590
001234
007088
000712
004192
004930
002415
001134
007018
007171
004973
006877
001652
000588
006751
001297
004796
004058
003699
000021
003234
005847
003201
004314
005560
006297
006875
000096
000226
005569
003641
001277
000376
005130
005246
002836
001331
006027
001546
006619
001286
002354
006555
000329
000976
005222
006355
002333
002727
005541
004128
006975
007332
006109
005869
003473
002856
005760
001366
004764
001015
003215
007197
006004
000772
006116
000057
004335
007145
003280
007333
005170
006491
004839
005193
002793
007234
006565
005845
002192
005319
005146
004496
006865
000459
006354
002646
002591
003685
003383
005306
002329
000538
001226
000183
000790
000235
002238
006433
004585
002909
004168
005447
002983
006654
004429
006787
000503
005471
002171
004856
004274
002993
007314
005082
002003
000724
005738
005526
002477
006798
004643
001394
004979
005450
006477
002381
001155
001920
001299
000067
004417
004630
005463
007159
007406
001000
003550
000982
002039
005431
002286
006776
004953
004902
001356
001563
001742
007368
002763
001084
001672
005851
006083
001458
003823
003416
003631
005865
003800
006411
004428
001063
005142
007281
006002
000218
003574
005879
004470
006834
005898
002667
002973
007185
004388
002084
005327
000039
002362
002176
004265
004701
006310
006701
001954
001316
007000
002447
004018
001670
003923
007101
005696
007464
002465
003458
004111
005783
004138
000262
006804
003509
007195
000061
005787
004836
003925
007467
004042
001530
002072
001579
001268
004021
000258
002442
002028
004328
000615
006460
000465
001010
007039
000545
006686
006717
002564
002034
000557
006384
004120
002181
001143
001798
003467
002389
002059
006431
003054
007038
003589
001833
007187
001853
000720
002785
007369
004503
002220
005642
002081
001076
000912
004359
002936
002984
000672
002804
002939
001199
004448
003503
005626
007013
001753
002767
000480
007097
003512
006899
007370
000431
001336
004368
000109
003605
003379
001386
004789
004560
001057
003520
000349
002650
002443
002994
006735
003106
001252
002309
000625
001573
005038
003468
002719
006257
006830
003789
000642
002211
000420
002383
006802
007232
004047
001758
000366
006207
004664
006221
002256
003833
003676
005164
002100
004351
000296
002615
007181
002064
004240
004729
001500
003294
003318
005153
001322
003429
007345
006763
001686
004420
002744
002965
001032
002946
006101
003672
002095
000126
001770
005657
004059
000802
007253
007070
003577
003596
002979
004917
005595
003798
003439
003464
001485
000048
001119
005047
003603
001110
002656
003245
007189
004845
003093
002732
000613
001477
007364
003737
001740
000148
000501
001217
000003
003564
007255
003207
003297
000510
002120
001884
006806
004040
004811
003442
001751
002725
001405
000353
002857
006946
004517
006794
000677
001627
007454
000857
001910
001570
001866
005089
001244
006993
003463
005989
003296
004445
004858
001831
001247
006851
003246
006229
004794
006945
002928
003117
003161
001819
002911
003516
005308
002011
005110
007266
000419
003457
001880
004390
003543
006715
004395
003371
005162
005723
000467
003396
005008
003198
004571
001208
005211
001620
002053
000006
001619
005069
001734
007043
003281
003928
003684
002288
001745
006189
000312
003736
007416
001613
003252
006724
000869
005265
003545
002975
003701
005292
001071
005654
000980
003518
004980
002739
003975
006203
005230
005974
003766
003802
005856
003248
006324
002082
005623
000883
003645
004906
001414
001406
002434
006664
002322
000164
002906
000282
006684
006668
004430
004447
005780
004066
006217
001469
000709
004296
000929
000381
001496
003807
004172
006493
004145
000343
006273
000289
002336
000005
003881
001765
007423
001203
002741
006643
007452
004524
003500
006325
004827
007326
002387
001760
001258
001235
001959
001446
003553
005632
004665
007213
003651
004515
002341
006043
003348
002694
002252
005464
000273
002498
006526
003888
004205
004645
006237
001014
002057
000298
000259
007117
002848
002723
006845
001863
002114
006009
003337
003570
002281
000591
000766
003025
005036
006722
002086
002092
003360
003277
001497
006598
002319
003308
001669
005489
004720
001859
003778
001259
003427
007321
001658
001490
002475
004813
007328
004450
004309
000996
001298
001035
005849
004876
007443
001205
001625
003143
002031
001380
002776
004367
000916
006698
006647
000485
005734
000351
007278
003505
002835
006267
001045
001239
001416
007057
004722
006357
002035
003123
005095
003978
004292
003466
007384
003377
006026
005815
003658
003141
004426
001919
000200
003144
002405
005347
004700
005591
007351
004625
006577
005254
004222
004275
001572
001347
002363
000537
007133
003640
005236
002955
001270
003313
003534
000309
001431
001211
004978
002441
003199
001282
001708
006225
002539
002825
005349
003882
001107
006921
003827
006228
002782
004686
006925
003537
000091
002282
003393
003094
000025
007180
004776
005926
006992
002620
002842
006427
002605
002351
003156
005610
007152
002119
007297
001829
000481
003976
003842
002575
004002
004109
001117
002561
001341
003649
006337
004647
005956
002367
002061
001634
002990
002721
003421
006474
007011
004235
005460
000612
002644
000900
007250
006005
003485
001435
000855
006232
001736
005837
001109
006275
003290
005793
002215
005528
000754
004799
004100
000066
002745
002199
004974
002910
001552
000141
002118
001813
000416
005589
000059
000711
004242
001357
002871
006463
004160
005986
001001
005968
000880
003624
000799
006880
001732
005519
001800
000367
007196
003839
005709
002699
000221
002194
000439
003148
004019
002860
006721
000206
005412
006487
001218
004277
003268
005582
003710
000651
006667
000334
004850
006175
006653
004340
005910
001324
003639
006240
003898
001242
006903
005325
003065
003445
004538
003620
002787
001131
000269
001219
000577
006932
000369
004716
001660
003039
000828
005975
004671
006173
001220
000371
001703
000095
003883
003614
004809
002833
001692
001857
002663
003560
006139
002221
000327
006563
006097
002195
001265
006638
006660
004485
000002
002662
006265
003387
003533
006564
005980
001602
007405
006989
002949
000410
006376
005656
006258
002404
004161
003527
006315
003447
001013
005310
006060
006525
003237
003877
000202
006548
006396
006363
005770
000499
006215
000804
005579
003541
001459
002544
005042
004091
002762
003863
002009
003700
006610
002845
000326
000666
000044
005506
007337
001868
003735
003041
005900
004492
003966
004712
005430
005312
001137
002987
003719
006663
006585
007141
004344
002298
007111
006625
001860
006716
001060
000891
000730
003655
006222
002986
004467
003506
000818
001064
004194
003961
005620
004884
002518
007418
007048
003697
003832
001887
000862
002109
000958
000983
005758
006772
007098
001120
001875
005028
002014
003702
005277
003098
000127
002611
000868
005221
006283
002751
000942
004801
006210
001896
004573
007076
004770
006540
005401
004918
007077
006844
003099
000244
000671
004562
000872
003571
001873
004284
001586
001555
003957
005060
006854
006480
004761
005950
006353
001475
002696
003329
005629
002065
005558
004556
004456
005233
003317
002409
005018
007034
005121
005739
007463
003992
005078
004972
005294
005927
006559
005966
006489
006891
002961
003220
003078
006697
006424
006784
003307
004559
001603
003163
001275
005669
000578
002678
004129
002545
005886
004879
005909
003480
000927
003746
003918
001098
004580
004511
002321
004589
003219
003069
004053
000762
001729
003990
003180
007022
002300
000024
007040
002517
006745
007305
006734
000548
005006
001250
005581
005651
001682
004504
004831
007221
006300
005533
007023
000611
005819
005320
002889
006586
002148
006331
000985
005330
002361
000234
002400
004197
004386
004867
002063
004996
003182
005449
006934
001514
004241
006898
002641
004308
007301
001522
004582
000597
003176
003022
006712
006447
000656
002294
004755
001577
002287
005641
006779
003287
002144
006917
005205
000899
002558
000121
004153
001103
001662
007182
004541
001420
003598
006446
005090
002435
003190
006090
005071
006799
000346
006380
006574
001895
000171
001655
001694
000583
004179
005539
005109
004396
003422
005524
000865
003880
004988
002930
003968
007296
006567
000910
006274
001702
005010
005024
000967
006680
000696
003369
001461
006825
002453
002180
006693
001825
005208
001993
002866
006785
006421
001701
003266
005210
000160
006151
007072
001937
002556
006264
002390
003866
004672
007167
005705
002576
001039
005795
005204
006614
001030
002874
006681
007132
007175
005216
006296
006242
002890
004291
006835
006251
002325
001260
003919
000997
005891
004423
002479
005187
003086
001961
007334
006924
002216
001457
001824
003001
003668
003373
005839
006912
002628
005611
006729
004925
004407
006243
001029
002392
000637
004362
005259
005279
001004
001851
002812
005388
004530
003779
004132
003449
002832
002686
002273
002393
007243
003956
003444
003637
000990
007126
006435
005810
006885
001086
007115
006108
001642
000960
003692
007049
004273
001526
005769
005411
006821
004189
001958
001481
005896
004558
001661
002218
000191
006294
004140
002672
003797
004357
003242
000250
002474
005962
006017
003344
004498
004659
002432
007437
003954
000260
002283
001976
001204
004853
004125
004808
001091
003739
005331
000923
005189
004516
001982
005135
002681
002809
006126
000572
005065
004112
007298
000564
001550
001527
006149
002957
001616
001257
002868
007377
007228
005671
004734
004476
006994
003940
004651
003047
004678
002512
000421
001281
001912
006635
001478
000184
001599
002676
004201
000445
002097
006927
005064
000617
000248
006014
001581
004526
002343
000114
005552
005407
002417
003946
002738
007109
000444
002277
005731
001945
002401
004137
001520
003139
002985
003191
003496
004433
006813
005011
005773
002471
002913
005462
002932
001818
005382
002235
003095
004171
006246
000745
002484
005434
001578
005132
000836
001840
006263
003972
005683
004900
001681
005939
002378
004706
002376
002489
002690
003292
000708
003007
006343
005692
006289
001163
000320
006883
001718
001515
004159
001907
003487
000321
004150
003273
005985
001288
003728
001202
004408
005426
000076
004669
006757
006814
002174
005661
006511
005272
002712
001241
002320
002587
007419
001429
003607
003941
000540
002542
002232
005469
003113
001611
007153
004231
004881
000689
006076
003964
004847
004484
006161
002647
002577
004910
005491
003367
003818
005031
000788
006293
001540
005026
000966
005984
000400
003933
007169
001147
000553
000036
002756
004289
003776
003501
002991
006504
002042
003036
001841
005207
004519
003610
006627
000629
002022
003460
005933
005022
001606
003187
000279
004654
002107
007479
004888
004685
003019
005771
001955
003443
005217
001348
006843
005532
006392
006364
004385
005056
006512
002113
001426
003167
006125
005027
004629
000222
000984
006051
001073
000354
006174
006826
006170
002346
004903
007359
003947
001483
002843
006514
004951
005857
005039
001062
003742
003124
004405
006214
004089
005138
006361
001838
004064
005969
004748
005982
004818
004741
004239
003162
003707
001787
000593
002796
003428
003424
003907
006395
004457
000246
004772
002622
000103
007383
001254
002121
005915
003562
001240
001005
003171
003330
002066
003917
004103
004800
003363
005948
003312
004704
005904
004769
005093
001544
003862
003824
005538
003531
007477
003381
007458
005103
001225
002638
002908
005051
007001
000691
003109
004255
000051
000491
007094
000033
001928
004513
005107
005522
004698
002052
002152
006593
000083
006552
005554
002167
003410
005604
007415
001930
004465
001263
007319
004652
007105
002954
004561
001830
000454
006195
003411
004276
006570
000062
001330
002829
006907
000814
007236
000007
007447
001096
002412
000275
000932
004256
007103
005889
004365
001663
006769
004798
002267
003591
006658
002357
006448
005941
002828
005387
007016
001664
007123
001832
003184
005435
000509
002814
000559
002680
002502
004508
001871
006271
002710
004945
002625
000270
007002
004358
003602
005781
005196
000185
005097
006386
002301
006042
003221
004272
004300
004970
000106
002316
001974
002631
002200
001644
003275
004099
001944
004943
006594
001351
006868
002822
001517
003081
000001
004857
000699
004540
000107
001319
000434
000968
002419
000295
000134
002027
003950
003079
001340
007431
007476
000894
002900
003173
006731
000703
001043
000129
003751
002752
007056
006725
001721
001950
006436
004797
003783
005860
006171
006509
001535
001398
004232
007215
004859
001253
001492
000551
004631
001678
004267
002685
001326
000640
007456
005321
003240
006141
001587
004263
003129
004726
000027
000673
005603
000043
003922
001393
005104
006441
003382
003066
007375
006056
004065
005542
005858
004095
000589
005675
005648
000411
000188
002661
005799
002503
000195
000999
005536
004509
006765
007242
004432
004820
001728
007226
007465
000921
004182
006954
003935
001293
000356
005704
003791
006476
005049
002792
002970
003299
001568
001980
004260
001622
000278
006129
002374
005606
002831
005088
000519
002382
006517
005803
002565
001455
006316
004397
005518
003315
000015
002914
006182
004985
001927
001271
000094
001133
002469
004828
007179
005361
002703
001130
002808
006651
000659
001965
005714
003034
003582
002185
007237
002689
003792
006797
007374
005145
004117
006302
007219
002497
005751
004101
002557
001785
000697
005977
006661
004965
002247
005392
002942
005501
005397
001390
003616
000635
001903
002430
003029
006696
005765
000850
002529
005402
005341
005355
005862
002760
001938
000610
007113
001085
002342
006444
006231
006360
000468
001377
004461
003521
005853
004983
000064
003567
005386
003932
003389
003271
001462
005828
000440
000955
000541
003875
005557
002001
002246
004394
000793
000150
005882
003269
001777
000969
003011
006133
007432
001034
006500
000931
006634
001805
003951
000809
000080
003643
001512
001135
007223
001280
003420
006895
006691
005987
003400
006365
002967
004123
003653
001183
005144
001092
003063
000241
005917
000866
006322
007114
007294
003166
007260
006768
003465
006670
003104
004854
005278
005328
005574
004924
000194
005313
002550
000823
004494
001631
002777
000731
001300
004666
004865
000789
005778
007122
000693
007060
000835
004085
007426
006522
007202
003355
001095
002208
004819
004994
000482
002265
006045
005499
003642
000225
003891
001002
000031
004382
001926
004897
004962
004815
001248
001807
002128
006016
004674
000871
002903
004083
007391
003675
000662
003729
003226
003032
003200
002248
006461
001327
006309
006640
000496
000970
007439
005609
005378
004757
006623
002089
001677
003660
000554
005452
007009
004246
001230
002431
007041
006347
007433
000832
004237
001796
000112
000688
006080
007062
006659
005482
002466
001164
006044
005014
000139
005967
005161
006986
002755
000531
005976
006606
006169
000116
004959
007061
004441
005607
005324
000341
007142
003390
006391
003085
006842
001897
002584
002867
005895
000166
000877
005242
006382
001313
002159
000047
002271
000680
004771
001369
003622
006672
007299
004298
002233
004321
004070
000748
000110
002463
007028
006781
003732
001615
004695
005351
006759
003170
002006
004844
000408
005415
002778
001685
001055
006882
000917
003005
001295
006062
001452
004078
001538
001175
000930
006260
004327
003828
005804
007110
004752
005025
006481
002344
000817
000761
004208
003209
000422
001809
006488
004718
001752
002578
005666
005301
006199
005260
000111
001151
006401
004991
003971
007224
007190
003608
007382
004849
007068
001743
003293
004578
002684
002007
004986
003230
001355
005228
006613
005108
002461
005289
002244
001776
001808
000954
006615
000878
002236
003514
003592
004206
002444
005516
002129
000939
002847
005999
003902
000372
002365
000355
001914
001891
006926
001141
004677
004183
007350
000574
003999
002859
001504
002251
002880
004880
000781
005798
007363
001545
006960
006335
001748
000739
005302
006537
003356
004855
002574
002403
005013
005258
006969
001763
002207
001889
005168
000620
006516
000292
005590
001412
004302
005796
000190
000632
005911
003601
004544
004097
001571
004586
005801
005232
002768
006719
003648
000768
004737
002722
003774
005755
005619
000254
003759
001735
003326
000397
000946
002919
000608
004898
005481
001935
006783
004009
003320
002096
001972
000848
002918
004773
001693
002717
002260
004363
000097
001083
004280
004037
005877
002056
004787
002492
004013
006053
002101
003529
003525
004616
003573
004039
001201
007285
005131
004576
006008
005998
002803
006858
004333
004548
000102
001810
003017
006533
004166
005220
000810
002849
004694
005630
004824
002000
005961
005468
000706
003780
005179
006287
002999
001165
007271
004001
003203
001711
001207
007102
000131
006187
002328
003488
003664
005662
007174
003459
006656
002839
002457
001716
004882
002905
000530
001041
005697
001176
004971
003969
006307
000453
001780
003532
004937
006234
002664
006142
002375
007241
004130
000792
004072
000415
007024
001491
000565
000595
007471
002044
003495
005366
004899
000215
003822
006949
004010
004038
005385
007373
004892
003889
006571
002531
004762
006470
005353
004817
002753
002366
006966
005175
005924
002657
000560
007434
005712
007292
000943
002398
005218
000358
002861
006209
005902
002205
001617
000450
001786
005241
007173
005593
002589
001683
001986
005866
005422
005693
006645
006194
004954
000322
002891
000174
006495
001558
006057
002772
004207
005245
001266
001964
000678
005227
005715
006541
003211
004641
004073
001421
005441
007127
006003
001129
000813
005376
004684
003045
005523
003661
000926
005488
004258
002196
003014
003870
004774
000713
002103
000783
005672
003673
005380
004846
005876
006359
005835
006015
004619
006416
001584
003508
001338
000638
003738
000474
005952
005359
002810
006867
000581
001125
003378
004285
002370
002303
002830
000743
000087
006327
003761
007372
001352
003404
005223
004478
000819
005725
003703
002019
006074
002460
005843
003415
006438
003227
004410
006081
005507
005045
005443
003721
004355
003801
001870
000909
002633
007222
000874
002023
007330
001372
000978
005504
003453
001909
007412
005605
003785
000701
004054
003943
006587
005158
000009
000705
005958
002414
003251
005455
005200
003696
