000946
004775
001161
002444
002219
006504
002726
001649
005638
006726
004278
006641
001590
005984
003002
005892
005961
006650
004838
000980
004188
001806
005414
003120
006113
001176
003902
005528
002770
003664
006149
007089
004156
000112
001938
006539
005952
007314
005223
007280
000221
007106
004443
004884
004348
002723
005272
001637
001211
006006
001870
000685
005231
004618
004347
006341
006972
005595
004164
000941
002024
004356
000669
005711
000200
001069
002210
007142
005954
003749
002245
003861
001895
005116
006734
007147
004382
000036
000215
002611
006334
002401
003616
000796
002053
003336
000588
005147
002033
006335
001121
006158
005745
002483
001912
001347
002303
007376
005352
000346
005315
005462
007433
003734
006891
000812
003434
005826
004275
003308
006403
001640
006486
003423
005377
003925
002651
000369
004956
002566
003392
000328
006320
003686
003931
006950
003452
005289
005009
004842
006265
006193
004035
005134
000140
002776
006305
002570
001392
001323
005520
002507
001528
002551
005511
007217
007014
002637
004488
005476
005871
006212
005088
002167
007430
002459
005094
002991
001734
000782
004896
005016
005627
006822
006442
006622
006485
004470
003196
004444
007129
003937
000720
000301
000074
003099
002910
000776
006100
003977
003933
001515
004142
004587
006554
006232
000541
006991
002868
005992
006642
001808
000614
000295
002642
005136
002969
003005
002026
003625
001186
000603
002728
002292
003455
005284
003960
006374
001830
006380
005173
004265
002817
006036
006454
002200
005633
000156
005202
007037
003942
002311
005862
002704
005746
007022
005597
004474
005265
006706
004249
004171
003505
004519
004270
000362
004767
006219
002978
004053
004677
002626
000854
000853
001854
000080
001104
005025
002640
003800
000974
001146
004776
006888
004417
004307
004285
004186
003916
002298
006979
000753
002802
003459
007003
006773
005187
003424
006448
000317
001055
002076
004803
004395
001049
002750
004859
006564
001210
004918
001831
001219
000956
005132
000014
003096
001408
005163
006186
005910
003046
000500
006856
003287
007282
003088
007454
007335
007067
000079
001230
004184
005099
002841
000704
000408
003640
006405
000576
002760
002790
005776
000133
006678
002751
003339
003592
001924
003689
006516
002624
001138
003235
002141
005527
000651
006798
001564
005621
001430
005775
002755
001873
000289
004583
000319
001542
000698
002781
004948
001606
003681
004720
000426
003224
003044
001778
006578
000968
006181
004817
001642
003053
006732
004591
002822
003865
006976
006273
006639
003748
007367
000299
003139
003367
002435
001302
000525
004175
004737
005254
000439
000352
002643
005043
000062
003869
005828
002793
003057
001635
006304
003025
007186
000746
004405
000232
004698
001920
005762
004954
002214
007289
007474
006946
003829
001067
003300
005895
007290
003323
000033
006651
000008
002772
001984
006804
002765
002387
002244
005082
002045
001811
003816
004945
000567
007198
005945
005539
004392
003986
004122
006506
000155
003707
000745
005821
000110
003022
002639
002721
001279
002445
006594
005950
001248
003431
005859
004726
003764
001296
004557
000380
006897
000477
005062
003154
000203
002327
007016
007434
001607
002197
000565
005955
005663
005757
003039
001291
005810
006670
001852
002540
000446
006827
000817
003342
003105
001487
007002
002749
002652
002028
004509
003888
002536
006157
002636
004513
004435
000273
003627
001615
006079
006075
007368
006382
003974
006386
006319
005671
001008
006152
003697
003415
000045
003475
006035
001863
005216
004849
002855
000281
002273
002454
001361
007446
001686
003771
000652
001258
005678
007405
003331
000125
007005
001152
000377
001725
000818
001114
003374
000022
000510
004545
005507
002799
005968
003377
006357
003720
005128
002690
006719
005172
001479
003973
001180
006817
005327
000987
000461
004988
007440
006344
000379
005706
005392
000188
007443
003642
006625
006769
005296
006690
000589
004152
000165
001489
005768
005039
003544
000312
001043
007130
003075
004025
000809
000041
001299
000060
002869
002199
001973
003821
005257
001383
004599
004294
007328
001548
003093
003368
001877
000207
001978
002282
007024
005137
005865
001906
004949
005998
004717
002499
007305
000952
004684
006361
002996
000662
003792
000087
006242
005966
000888
006249
000113
005056
005120
002095
001591
002528
003284
002195
001449
000534
003551
001387
006050
005697
003805
005328
001096
001463
003391
003542
005256
000486
004037
004416
002879
007398
004852
003981
004440
006169
001359
004596
002511
007267
002004
003384
002965
002902
004993
000288
003186
000552
002980
003645
003061
000464
003614
001033
003656
005459
005700
002348
005544
003877
005196
004303
006019
003141
000621
004352
001650
002744
004441
004499
006397
003338
006066
005558
005866
002342
006053
001170
003043
002260
006916
004642
006415
005833
004337
003557
005936
003729
006347
006324
006860
001719
002513
006701
000143
000240
000568
000528
006203
004799
006996
003465
004231
007151
006049
000571
000213
000171
005514
002450
002005
005225
006544
001970
006363
000645
005704
004133
005437
000852
002524
000005
000449
000132
002811
003166
003069
004385
003060
000146
004291
003341
000034
005914
007456
003965
004502
000296
004453
004807
002584
004353
004369
000111
002128
005317
007178
004181
003388
001173
001581
005017
000727
001910
003063
005722
005803
003447
000791
003268
006802
001656
001582
006235
006823
005389
004738
001685
000177
001221
003830
003119
006855
000555
004150
003089
001592
002378
001758
004608
005420
003294
006845
007164
005234
004731
007190
006735
006945
007028
004657
004521
002412
003531
005206
006787
002451
003441
006441
007060
001935
001740
002270
000237
001488
007396
003215
004002
006781
004634
003850
006883
003405
004466
006070
004113
002573
004681
000574
005975
000841
000701
000931
005063
005927
006970
005446
003699
000320
007362
002795
007404
005827
004041
007141
002043
002161
005523
006351
003263
001360
004057
006848
002291
006553
005121
001108
002966
004524
006020
000772
006601
004750
002274
003548
000174
002903
007175
002641
004643
007169
004464
003201
006389
000331
001240
004610
005630
001097
001483
000470
005800
001202
005692
001337
003602
005468
004879
007054
003319
007123
005631
004252
003736
001696
000797
004174
006911
001117
005551
002766
005306
001019
002939
007215
001755
003020
001828
002145
002351
004246
001292
004593
002349
003897
002355
001155
002517
005291
003155
001523
004167
003618
002477
003227
003623
005209
007062
004458
007092
001010
005192
004771
001335
000101
006873
007255
005415
000485
007240
001737
003873
000951
004476
003919
002289
002684
005608
005522
003555
005431
004571
005183
001060
002017
006400
000406
000173
002737
002011
005263
005087
005013
005694
006524
002047
004600
004658
006679
002655
007148
004478
003583
005295
006069
005986
000564
005335
001197
002843
004320
005135
003128
006488
002151
000751
001788
006417
002904
001752
001814
002849
001101
000483
002308
005951
001605
001536
006638
003824
005874
000655
000773
003113
004739
007246
003297
003013
003165
000838
006176
001942
004865
007347
001375
000094
000531
001694
003240
004745
003358
004655
006322
004607
006192
002731
007310
005161
004695
001673
004582
003413
000202
005003
006955
004532
002100
005320
006345
001769
003062
004058
004208
002054
001659
001756
003313
000436
004495
005545
001254
005203
000230
002762
002309
004546
001243
007048
002410
004254
005027
002985
007053
006882
005609
006682
006501
002803
001608
001411
005565
006545
003150
001256
003236
007196
004315
002317
005667
002888
006962
000249
001747
000719
000918
003029
002796
001002
001288
003379
001503
006464
007140
000095
004232
007111
002046
005573
003354
007082
005673
005042
000397
004611
006027
006830
004997
005101
006476
004383
003826
001084
004318
005693
005735
004808
005542
004055
005071
004366
007031
003003
006129
002606
005736
002498
001283
002823
004712
005989
000122
005465
005261
000955
006332
007109
000573
003363
003065
007441
006857
003312
002617
004371
007105
004274
004194
003685
002872
003192
002633
000302
002562
005396
002123
002537
001883
004777
002848
006330
000382
004898
002079
004887
003409
006780
005157
003001
005131
003271
005550
006369
001683
006267
000788
003490
000837
005199
004729
002794
004564
002423
005207
006632
002612
004660
002548
003200
005899
005314
000860
006188
006517
002247
003669
000342
006746
007382
006603
003691
003327
006825
002414
007428
005705
003964
001394
006705
005920
005004
001434
007045
000742
002012
000462
007044
001956
001465
000056
002059
006414
001125
007448
004202
006199
001563
006474
003920
004199
005794
006573
006327
004934
006697
006419
005602
005482
002997
004484
001674
002063
007445
006756
000438
007193
000561
004309
006712
005423
003140
005299
005734
001250
005894
005640
005201
003499
004947
003318
005002
003841
001791
006862
005144
007387
006681
000657
004244
003765
006065
007156
002389
003340
002989
001968
000195
001626
000502
001135
003741
006302
000623
001749
002679
000097
004540
006424
001929
000898
004535
003411
003472
003751
007057
006309
002416
003641
001426
005340
000371
003887
001759
000507
003193
003812
006275
003802
001238
007245
003630
000456
004840
005674
005599
002091
000799
005812
006477
002705
001508
000348
001143
001832
002381
006293
007128
000910
004656
004692
006543
004982
003482
003871
003353
000268
004818
007266
003037
003026
002928
004357
004877
005093
002564
000793
002429
001226
000044
007473
000009
004304
000059
004185
000798
002461
006084
003059
007374
004116
006285
001954
005211
003626
000229
002921
002163
001371
000027
001246
002957
006923
003467
005675
006582
005577
005150
006943
007199
005323
001139
000460
004201
004146
000840
003369
005884
006566
000225
001565
003356
002202
000710
004520
005832
005614
004811
005723
004375
004711
003896
000003
003258
004699
006814
007038
003081
003801
007230
002819
006934
003260
003515
000418
003783
005051
007121
001681
003789
003023
003256
005146
007226
001841
007181
002000
007409
000501
002081
006852
001099
005655
003594
002854
003895
002589
000778
006562
004559
005784
001661
004140
007042
001294
002427
000468
000737
000052
004074
006674
006929
003248
006771
001578
000897
006286
005900
007149
007059
000937
000504
003360
005581
000935
003094
003357
005393
004703
001834
001669
004295
007029
005563
002874
004047
005347
002942
000563
001050
002789
001545
002906
001491
005540
005140
001344
003604
005976
006151
004243
004839
000763
006284
006708
002907
002453
005288
003752
000863
003204
001270
000585
003329
002105
003539
006261
001217
003750
006711
005359
000544
000830
003292
001195
001972
003815
002956
003731
003035
006836
006525
006119
006606
007406
000549
006279
005055
002241
005368
007236
006230
002686
003876
004264
004548
004433
001850
003680
005395
006370
004206
000874
006728
001547
003218
004500
006034
001185
006953
007224
004848
002658
002082
004008
006658
005610
004722
003788
001468
002522
004198
002478
000294
000251
003570
007251
002850
001868
004504
007023
006939
004786
004306
007349
001886
001793
003416
004219
000105
002340
005875
007294
006016
001181
000977
006850
001015
006770
004598
007021
005264
003988
000807
004674
005889
006115
005436
000636
005249
003617
005451
003366
006371
004923
002089
000964
004794
000683
000153
006173
004239
000031
000394
003934
002323
001587
005245
006337
005942
003836
004601
006402
006276
004874
002409
006432
005360
002209
001469
000649
004153
001224
005154
002557
005443
002546
004004
002493
005096
005802
003241
004920
005244
006480
001764
002525
006429
005738
002964
004418
005399
004284
000481
002075
007342
006522
002949
002194
002716
004743
004109
001519
003048
001739
007357
003667
003111
006791
007084
006116
004100
006378
005855
000671
003575
004258
006753
004682
007424
006527
006683
002774
006046
005024
004031
003568
003372
005750
006992
003554
002023
001576
004864
006887
002134
002490
001354
002257
001532
004897
000786
006568
004881
000467
003040
005838
005847
006760
001312
004491
006364
000577
004940
005842
001410
002884
003831
004878
005251
001257
006565
001047
004843
006180
004009
006872
006013
004955
003007
003460
007012
005489
000876
000522
004702
006598
003351
004148
002864
001909
004316
000584
001930
005907
005816
006098
003365
006144
004700
005585
003172
006796
004173
006844
002748
005504
005345
001490
000223
003400
005680
006355
003862
001687
003595
007397
004236
006010
001072
007333
001646
002945
003234
006729
006003
006216
006609
002743
006919
007223
000684
000472
002406
004762
006342
005246
004991
006758
007000
004908
006931
004979
001998
006843
007113
002116
003854
002711
001952
000718
006206
003636
003463
004073
000235
000506
002859
003948
005104
005486
003396
004759
005552
005382
006137
002691
005995
004084
006336
006438
005224
007069
001051
000357
003809
001399
005153
000498
001524
001584
005684
002946
000896
001422
006097
004298
004676
005795
002712
003036
002086
001779
001334
007167
001370
007075
006767
004160
002923
001063
005126
000368
006505
007343
005687
002649
003572
000109
004027
000629
001781
002343
001534
005069
001620
003310
001792
005281
004876
002183
000304
005308
005981
000176
002315
007238
002958
000827
002465
006607
002373
000255
004987
001346
003402
000618
006966
004736
007353
001546
000355
003322
006406
003878
006828
001140
004072
006281
006428
001355
004980
004690
006776
006615
001013
006954
000042
001647
002037
005410
002254
004089
006295
006399
002173
005227
007051
003613
003303
005904
002313
005560
003915
002933
006993
006391
005386
003028
002971
004067
001633
000646
000338
004007
003580
005844
002797
001061
007301
005301
003097
000505
004143
003253
006373
004834
004986
003464
001568
002316
005928
002926
001003
002211
002306
003285
003606
005530
004472
004833
004782
000596
002531
000158
006511
000212
003289
002631
004030
007337
007052
000957
001757
006665
003376
004882
001341
000907
004646
000482
003638
003238
003814
000741
001866
007100
001765
007344
003853
002808
000558
006775
003632
002321
005455
001815
004830
002377
006258
000895
006274
005019
003914
004744
002556
007211
003596
003870
006372
001112
005707
007207
004414
005371
000923
003838
006709
002411
006282
004454
004077
003456
002863
003071
002449
004062
003305
000263
006455
007400
001993
002694
006841
004475
005229
002917
001106
001001
007360
000609
003428
002226
005479
001908
002852
004652
002601
006102
001992
003214
001651
001657
001071
001493
001994
001898
002662
003597
002156
005587
001501
006457
005435
002995
002870
002674
001481
005471
006885
001983
001092
000076
000478
000583
000693
000638
004892
006704
000816
005598
003375
002307
007174
003777
004889
003454
004228
001193
003979
005020
001838
004779
001271
003547
000270
005728
004197
004028
006759
003971
000185
006244
000134
004863
002366
005869
007056
000856
002433
002736
006515
006103
001745
004869
004293
005105
001652
006643
002034
002677
003735
003064
000889
000040
005758
007451
002239
004810
004460
001882
003679
001054
004911
005691
004667
003501
000372
005604
002426
004857
000902
005613
001127
004665
004543
000131
003457
003949
002961
005496
004308
000000
002927
002283
004641
005731
001555
005915
000939
006864
006021
002305
004872
003907
005724
001812
002117
000545
001208
006740
007330
002403
002407
002622
007278
007388
005943
003573
006071
001775
006750
004919
003520
000673
005946
001204
003330
006785
006489
007055
004929
006045
003429
003395
006130
007399
003930
004930
000208
005824
002719
003624
005699
003941
007007
006269
002169
001772
005916
005670
007455
002221
002295
003158
000416
003106
002955
001190
002581
007191
003145
007162
000376
005408
006707
002784
004856
001011
004374
001286
004995
001599
006078
001169
000343
001628
000341
000687
004529
005930
003019
003461
003101
005658
002505
003586
005579
005259
003160
006002
004917
004669
002441
003442
006593
002568
003056
004253
000205
000539
004751
002887
001698
002778
003935
005366
003176
004207
004342
005452
003833
006927
005532
005292
005932
001081
000932
006014
006089
000298
003519
005189
003628
004713
002574
006492
006645
004895
007020
002656
006904
004121
007019
001432
004235
006895
001199
005779
006589
000474
001122
006122
004107
006291
004958
005777
002746
006064
005219
001530
006968
005085
006583
002563
003311
004673
001259
001425
002938
006853
001021
001225
007372
007227
001141
005594
005181
004419
003523
006348
007202
005606
004937
000995
001147
006333
007422
004394
004005
004649
005349
006834
006647
001153
004437
000224
002296
006125
003621
006491
003386
006875
005725
007085
004746
004946
000844
004455
004907
002372
002992
003562
003177
006443
000665
006466
004130
005554
002792
000934
000277
003612
005713
001020
005988
003474
001413
001308
001636
004487
000172
003011
001796
003381
005007
004013
000553
005615
005028
007235
005763
006449
002707
000813
000970
001967
004705
001862
000595
003477
005490
001947
002256
004576
000260
000913
007040
000018
003892
000117
002785
002314
000051
000065
007346
002547
002620
003755
001439
005419
002603
003427
001297
001100
003633
005113
002890
001320
001991
003874
000092
001807
001713
003687
005267
002680
006595
000608
001057
006637
006653
002020
007316
004580
002502
006106
003972
002583
002015
001957
000425
006548
001861
004401
000661
002391
003443
003549
004229
006498
000700
004506
002103
005656
004913
003767
000814
003332
005364
007336
005987
004758
007013
001609
000906
001464
001932
000088
002376
002619
000865
006226
004123
005868
002374
006948
004787
006266
003528
007264
003255
005375
000250
005570
004459
000869
005659
006223
005022
003073
004718
001990
006297
005141
000405
000488
005949
001559
004904
006581
000606
000269
000316
001330
002237
006743
001544
004154
003279
001842
006353
001495
002569
004569
005888
003536
006763
007064
006513
007216
000648
005801
005632
004639
000424
007339
004836
004412
004021
004621
000921
005457
002614
003334
007429
005447
003947
006029
002899
000909
003530
001860
001453
002494
003646
000991
001189
000244
003882
002111
007241
006789
007319
000429
004024
002029
001639
004990
002687
006960
006497
001723
003478
005064
001421
006205
002944
001085
003286
003781
002893
005553
000599
002144
007468
004998
006407
003778
006018
001890
001715
007099
003737
005607
006314
001316
003538
003722
006772
006083
003847
003837
004951
003178
006340
000845
001996
004162
006676
005650
006398
000767
000383
002129
004561
005829
004351
002350
002170
002487
007431
005849
000594
007139
000569
004332
005406
003615
004753
001611
007425
001902
002740
000378
004769
006624
004633
001670
001304
000020
001368
004078
007303
006105
006143
005286
006765
005330
005142
006640
007312
005023
005901
000385
002153
005501
005683
002142
002780
000630
001923
003768
002618
003982
001285
003031
007104
003383
001871
006612
001936
005766
000414
002967
004625
000833
006863
003231
003480
006669
005755
004783
004551
000192
004760
004141
001702
005270
002120
006031
005682
003453
002184
002865
003309
006456
001382
003558
000410
001795
000878
004932
000384
000658
006909
004708
000423
000190
001995
004604
003213
005906
000187
001533
000475
003775
000666
005213
006693
004421
005313
003663
000768
004256
002960
000086
000256
007192
000600
002521
000183
003004
002867
007125
006944
006859
006460
001805
007068
002186
006450
004283
006310
004076
000781
007095
005424
003110
001472
000835
002810
001350
006936
002336
005856
007154
006260
001797
005407
002405
005194
002725
007477
003703
005677
006142
000327
000582
005492
000688
004541
003208
004178
000278
007159
006328
002361
004224
005825
006629
006617
004022
005991
005449
005625
004790
003970
002730
002862
004796
003715
004974
003995
005744
004566
006977
005534
002623
002741
006163
000476
001562
002602
003032
001731
000209
003202
001428
002138
003444
006184
001265
006819
002259
004925
006687
004732
000487
004360
001091
001133
004266
002176
007234
002051
004975
005637
006080
000428
000575
006197
003855
001307
006210
000702
004233
005380
003109
002897
003759
005073
006994
002630
000986
003832
007300
007437
002165
002164
005322
002422
002098
001818
001276
000469
001358
001801
002857
002462
002480
004204
003928
005077
002976
003508
002560
006983
007150
002900
005885
005495
000613
002250
004380
003936
004026
001079
004465
001450
007281
003104
007108
005547
002204
005029
003283
007423
001969
004812
003198
001436
007435
005385
002657
004826
000130
002538
002415
005963
004071
005668
002375
006440
007180
000930
005696
002030
006023
003695
000886
002136
004927
002845
001417
002092
000692
000757
003758
000821
006091
000997
001311
007420
004507
000660
006404
002068
003611
004305
005488
006222
003425
001385
005214
003770
006409
001377
000678
003068
004000
000802
005186
002515
007331
002231
002594
001018
001585
000272
006866
004056
005050
003588
003787
002759
002299
001541
007101
005524
005918
006713
001163
001393
004276
001919
000518
001480
000739
006567
002424
007324
004429
002471
003466
006652
007421
002191
003371
000332
005831
000494
004463
000598
000430
003151
002286
006220
002835
007027
002003
004637
007271
005238
006529
001610
000503
005785
003883
005000
006256
002832
004773
004165
000721
006005
006654
006326
004515
006088
005473
001717
001062
007011
001290
004129
007091
000744
001835
006146
004813
001847
003958
001376
003398
000083
000836
006032
005008
003045
002717
007083
004263
000904
005786
004972
004614
000891
000822
005285
005580
001660
000199
004968
003533
004590
001777
001676
000433
002228
002909
007279
003698
006009
004903
004866
000883
004575
005356
006786
001802
006057
001965
006473
003385
005535
007110
006111
000252
006794
006940
002124
000359
005426
001398
006974
002220
006898
005337
001110
001550
006975
005850
003651
004562
004552
000900
004157
001790
005760
005084
003316
000625
004079
002062
004389
004296
004006
001763
003959
003426
004169
002948
002697
000784
003404
005307
002873
006101
005814
006912
005517
004547
002943
005695
001710
005098
001955
000367
002009
004467
004267
005582
004137
006723
005526
005567
001577
001475
001168
005913
001593
004965
004962
005178
001065
001899
006807
001753
003471
003226
004381
006384
002371
000637
003856
006956
007248
006156
005839
001901
004388
000815
000610
002436
003700
000509
006434
006153
001624
000393
000808
000940
001695
007036
001239
006600
001048
006272
004311
005830
001975
006749
004050
000001
001249
000360
004101
006073
002094
003753
003527
006703
001123
002920
000619
005129
004809
005421
005021
006739
003072
003451
006503
006114
005519
006087
007452
006388
002828
000191
005948
000344
005053
004785
006349
005280
006138
005747
004517
001272
002871
003325
006727
000218
004200
001038
004994
000217
003867
000989
000879
004894
003245
005996
006303
006809
003473
001693
003083
004445
002908
000634
006815
003716
003433
001028
005676
004485
007117
005654
002249
002846
001373
001445
003806
003107
005049
003185
004922
000682
004512
007098
005600
003074
004914
005266
006961
005590
000043
004804
005152
000089
004781
000490
004977
003017
003773
005300
001374
006172
001520
003067
006377
000318
006313
007442
004523
004666
002115
004905
006572
003307
002421
004815
002425
002681
002267
004568
003079
001466
007161
001132
006762
002771
005190
004134
007470
002388
006538
004119
006699
001985
006691
006592
007079
004282
005924
001478
006680
004426
001736
005311
005477
005357
005864
002837
001007
004212
001328
003295
005054
004372
002354
001977
000823
004663
006478
004531
000711
007263
006150
001440
007410
006229
007321
001305
001704
004638
000239
006426
007176
004953
002368
002137
004330
002277
001948
001848
003507
006096
003269
003175
004082
003939
000988
002352
005909
005139
005478
002773
002180
000071
003481
006932
001107
006318
005592
003927
005162
004687
005505
006416
004222
001853
001773
002701
003584
000942
002463
001964
001896
007160
000453
004420
005235
005432
007356
003546
005470
007459
007112
005204
005860
000419
004584
004409
004410
005778
007273
005960
003980
006453
005033
002058
002310
006893
000681
004060
006558
006109
005068
000082
007063
001423
004765
005197
003509
000329
003766
004461
000234
000783
000774
001315
004095
000137
004088
006185
001667
004462
005649
004497
002025
002591
002206
002328
002974
002160
002130
000870
004792
000512
001668
003676
007015
003344
001381
005873
002523
001058
001053
007041
005660
003659
006754
005378
000963
001680
005636
003419
000765
005934
001721
004065
000392
005964
006058
007032
004959
001552
001921
004292
005644
006246
000884
004755
002293
007212
003655
006231
003156
001074
001461
001672
000266
006744
005391
004823
000049
001309
003600
004701
000805
005716
002894
000792
000631
002714
005441
005647
002027
002432
004075
001857
003129
003304
004438
000533
005233
006829
003810
004230
003813
000167
005422
003181
001497
005929
007373
007365
003811
005031
005890
006288
002122
002365
003634
006716
006430
000150
000450
004969
005720
006252
002179
002271
001064
004479
000381
001518
003486
004355
003435
001024
007252
005781
001539
002896
002084
005127
002014
001282
000226
000556
005546
004906
006757
004128
000542
003449
000679
003118
005798
002442
003134
006877
005616
001939
004237
002650
001405
000061
000593
003244
007467
005688
006514
005679
002752
006722
003950
006311
003168
002472
005541
000730
005853
000873
001179
002815
002275
001442
006248
004408
001558
001086
003498
004312
002756
000257
007329
004514
000819
004390
005171
005538
001321
002667
005118
001655
002665
003911
002593
006741
003390
002875
007006
002420
007286
001244
006162
003566
000586
006469
004542
006413
003095
003223
001277
004449
000090
004145
004097
001872
005309
007122
002140
006315
005957
005442
007352
006095
000787
000291
000998
003042
000442
002968
002069
007163
007411
007009
000760
005083
007401
006928
003535
002844
000350
004526
001364
003605
004126
007479
007381
001976
006481
001324
000731
002360
003317
006951
003462
000912
001712
002133
006698
006596
000037
000770
004747
004928
006879
003608
000139
000404
003491
003620
007103
005531
003990
004299
005310
004544
005543
001538
001937
000712
002251
006748
003049
007426
004340
003024
005979
000758
004011
001447
005119
001206
001192
006366
003560
006387
002430
004814
001688
004829
005460
001164
006411
002088
